8 50
807654321
687354021
857604321
687504321
687350214
687354201
687054321
874650321
567824301
857641320
870654321
857064321
687524301
874065321
674580321
857624310
857624031
687520314
687524310
687541302
845670321
670584321
857640321
874051632
687540321
057864321
607584321
850647321
805647321
874625301
874605321
687524031
874601352
687354210
567084321
687541320
857364021
857624301
804675321
687304251
857204631
687341250
874651302
670384251
680357214
068547321
687502314
857364201
674501382
567384021