15 50
1 2 3 4 5 6 7 8 9 10 0 12 13 14 11 15
1 2 3 4 5 6 7 8 9 10 0 11 13 14 15 12
1 2 3 4 5 6 7 0 9 10 11 8 13 14 15 12
1 2 3 4 5 0 6 7 9 10 11 8 13 14 15 12
1 2 3 4 5 6 7 8 9 0 10 12 13 14 11 15
1 2 3 4 5 6 7 8 9 10 11 12 13 0 14 15
1 2 3 4 5 6 7 8 9 10 11 0 13 14 15 12
1 2 3 4 5 6 11 7 9 10 0 8 13 14 15 12
1 2 3 4 5 6 7 8 9 14 10 11 13 15 0 12
1 2 3 0 5 6 7 4 9 10 11 8 13 14 15 12
1 2 3 4 5 6 7 8 9 10 11 12 13 14 0 15
1 2 3 4 5 6 7 8 9 10 12 0 13 14 11 15
1 0 3 4 5 2 6 8 9 10 7 11 13 14 15 12
1 2 3 4 5 6 0 8 9 10 7 11 13 14 15 12
1 2 3 4 5 10 6 7 9 0 11 8 13 14 15 12
1 2 3 4 9 5 6 8 13 10 7 11 0 14 15 12
2 0 3 4 1 5 7 8 9 6 10 11 13 14 15 12
1 2 3 4 5 10 6 7 9 11 15 8 0 13 14 12
1 2 3 4 5 6 0 8 9 15 7 11 13 10 14 12
1 2 3 4 6 10 9 8 5 0 7 11 13 14 15 12
1 3 6 4 9 0 7 8 13 2 5 11 14 10 15 12
1 2 3 4 5 6 0 7 9 10 11 8 13 14 15 12
1 2 0 4 5 6 3 8 9 14 7 12 13 11 10 15
1 2 3 4 5 6 7 8 9 10 15 0 13 14 12 11
1 2 3 4 9 5 6 8 0 10 7 12 13 14 11 15
1 2 3 4 5 6 7 8 9 14 10 12 0 13 11 15
1 2 3 4 5 6 7 8 9 0 11 12 13 10 14 15
1 2 4 7 5 6 3 8 9 10 0 12 13 14 11 15
1 2 3 4 5 0 7 8 9 6 10 11 13 14 15 12
1 2 3 4 5 6 7 8 9 10 15 11 13 14 0 12
0 1 3 4 5 2 7 8 9 6 10 11 13 14 15 12
1 2 3 4 5 6 8 0 9 10 7 11 13 14 15 12
1 2 3 4 5 0 6 8 9 10 7 12 13 14 11 15
1 2 3 4 0 6 7 8 5 9 10 11 13 14 15 12
1 2 3 4 5 6 8 12 13 9 10 7 0 14 11 15
1 2 3 4 5 6 11 7 13 9 10 8 0 14 15 12
1 2 3 4 5 6 7 8 9 10 15 11 13 14 12 0
1 2 3 4 5 10 6 8 9 7 12 0 13 14 11 15
1 2 3 4 5 6 7 8 9 14 10 11 13 0 15 12
1 2 3 4 5 6 0 8 9 11 7 12 13 10 14 15
5 1 2 4 9 6 3 8 13 10 7 12 14 0 11 15
1 2 3 4 5 6 7 8 0 9 11 12 13 10 14 15
1 2 3 4 5 6 11 7 9 10 8 0 13 14 15 12
1 0 3 4 5 2 7 8 9 6 11 12 13 10 14 15
0 2 3 4 1 6 7 8 5 10 11 12 9 13 14 15
1 2 3 4 5 6 8 11 9 10 7 0 13 14 15 12
1 2 3 4 5 6 7 8 9 0 15 11 13 10 14 12
1 2 3 4 5 6 7 8 9 14 10 12 13 0 11 15
2 6 3 4 1 0 7 8 5 9 10 12 13 14 11 15
1 2 3 4 5 6 7 8 0 9 10 11 13 14 15 12